tensor([[[[ 8.2733e-02, -2.2139e-02, -1.5818e-02,  1.0000e-01,  1.0000e-01,
            5.0000e+01],
          [ 1.6106e-01, -2.9903e-02, -3.6282e-02,  1.0001e-01,  1.0000e-01,
            5.0000e+01],
          [ 2.7814e-01, -4.1915e-02, -7.8526e-03,  1.0078e-01,  1.0000e-01,
            5.0000e+01],
          ...,
          [ 8.0055e+00, -4.8805e+00, -7.1530e+00,  1.2434e+00,  2.1719e+00,
            4.0355e+00],
          [ 8.0389e+00, -4.9615e+00, -7.1010e+00,  1.2592e+00,  2.1783e+00,
            4.0355e+00],
          [ 8.1047e+00, -5.1222e+00, -7.1525e+00,  1.2738e+00,  2.2745e+00,
            4.0355e+00]],

         [[ 8.5062e-02, -3.7039e-03,  5.7285e-03,  1.0000e-01,  1.0000e-01,
            5.0000e+01],
          [ 1.9342e-01, -4.3588e-02,  1.7599e-02,  1.0000e-01,  1.0000e-01,
            5.0000e+01],
          [ 3.2485e-01, -4.8411e-02, -7.5085e-03,  1.0315e-01,  1.0000e-01,
            5.0000e+01],
          ...,
          [ 8.6150e+00, -1.8778e+01, -1.6104e+00,  1.2768e+00,  2.3455e+00,
            3.3655e+00],
          [ 8.6276e+00, -1.9255e+01, -1.7147e+00,  1.2830e+00,  2.3613e+00,
            3.3655e+00],
          [ 8.6027e+00, -1.9717e+01, -1.5982e+00,  1.2978e+00,  2.3642e+00,
            3.3655e+00]],

         [[ 6.1028e-02, -1.7770e-02, -2.4311e-02,  1.0000e-01,  1.0000e-01,
            5.0000e+01],
          [ 1.7806e-01, -2.6046e-02,  1.6270e-02,  1.0000e-01,  1.0000e-01,
            5.0000e+01],
          [ 2.3060e-01, -5.7808e-02, -3.6616e-02,  1.0096e-01,  1.0000e-01,
            5.0000e+01],
          ...,
          [ 8.2040e+00, -1.0318e+01, -2.6677e+01,  1.1275e+00,  1.4674e+00,
            3.6482e+00],
          [ 8.3218e+00, -1.0523e+01, -2.6664e+01,  1.1394e+00,  1.4739e+00,
            3.6482e+00],
          [ 8.3058e+00, -1.0807e+01, -2.6683e+01,  1.1625e+00,  1.4887e+00,
            3.6482e+00]],

         [[ 8.4963e-02, -2.8969e-03, -3.1489e-03,  1.0000e-01,  1.0000e-01,
            5.0000e+01],
          [ 1.4781e-01,  6.9054e-03,  1.1793e-02,  1.0001e-01,  1.0000e-01,
            5.0000e+01],
          [ 2.5085e-01, -1.0861e-02, -2.1023e-02,  1.0024e-01,  1.0000e-01,
            5.0000e+01],
          ...,
          [ 6.4301e+00, -2.4294e+00, -7.2208e-01,  1.2207e+00,  1.4843e+00,
            2.6241e+00],
          [ 6.5729e+00, -2.4969e+00, -7.1169e-01,  1.2432e+00,  1.4892e+00,
            2.6241e+00],
          [ 6.6848e+00, -2.5390e+00, -6.7777e-01,  1.2555e+00,  1.5724e+00,
            2.6241e+00]],

         [[ 3.6451e-02, -4.0771e-02, -1.9404e-02,  1.0000e-01,  1.0000e-01,
            5.0000e+01],
          [ 1.6419e-01, -4.8087e-02,  2.5392e+00,  1.0009e-01,  1.0000e-01,
            1.8788e+00],
          [ 2.8079e-01, -6.3960e-02,  5.6808e+00,  1.0122e-01,  1.0000e-01,
            1.8788e+00],
          ...,
          [ 1.3017e+01,  2.8231e-02, -3.5518e-01,  2.1762e+00,  3.0206e+00,
            6.4718e-01],
          [ 1.3145e+01,  5.3057e-02,  2.7864e+00,  2.2110e+00,  3.0302e+00,
            6.4718e-01],
          [ 1.3243e+01,  5.8669e-02,  5.9003e+00,  2.2370e+00,  3.1579e+00,
            6.4718e-01]],

         [[ 6.9889e-02, -1.4696e-02,  1.1346e-02,  1.0000e-01,  1.0000e-01,
            5.0000e+01],
          [ 1.5905e-01, -5.4245e-03, -1.5498e-02,  1.0006e-01,  1.0000e-01,
            5.0000e+01],
          [ 2.4082e-01,  6.1077e-03, -7.8814e-03,  1.0032e-01,  1.0000e-01,
            5.0000e+01],
          ...,
          [ 1.5453e+00, -7.1737e-02, -9.0781e-02,  1.0285e+00,  2.8142e-01,
            5.9521e+00],
          [ 1.5503e+00, -6.9618e-02, -1.1617e-01,  1.0425e+00,  2.9239e-01,
            5.9521e+00],
          [ 1.5689e+00, -8.3289e-02, -1.0722e-01,  1.0624e+00,  3.0353e-01,
            5.9521e+00]]],


        [[[ 5.8623e-04,  1.1331e-03,  1.2777e-03,  1.0000e-01,  1.0000e-01,
            5.0000e+01],
          [ 1.7974e-03,  2.9946e-03,  1.6571e-03,  1.0000e-01,  1.0000e-01,
            5.0000e+01],
          [ 1.1135e-03,  6.3833e-03, -1.4861e-03,  1.0000e-01,  1.0000e-01,
            5.0000e+01],
          ...,
          [ 3.2132e-02,  1.0732e-01, -6.2461e+00,  1.1151e-01,  1.0412e-01,
            4.6032e+00],
          [ 3.3348e-02,  1.0749e-01, -6.2836e+00,  1.1197e-01,  1.0610e-01,
            4.6032e+00],
          [ 3.2838e-02,  1.0639e-01, -6.2690e+00,  1.1576e-01,  1.0611e-01,
            4.6032e+00]],

         [[ 2.7330e-03, -1.7389e-02,  3.7438e-03,  1.0000e-01,  1.0000e-01,
            5.0000e+01],
          [ 8.0236e-03, -3.8594e-02,  1.1516e-02,  1.0000e-01,  1.0000e-01,
            5.0000e+01],
          [ 2.5668e-03, -5.4250e-02,  9.7176e-04,  1.0000e-01,  1.0000e-01,
            5.0000e+01],
          ...,
          [-3.3837e-02, -3.5027e-01,  1.0150e-02,  1.2732e-01,  1.4598e-01,
            3.3333e+00],
          [-3.5117e-02, -3.5216e-01, -1.9761e-03,  1.2741e-01,  1.5259e-01,
            3.3333e+00],
          [-3.4078e-02, -3.5589e-01,  1.2944e-02,  1.3383e-01,  1.5259e-01,
            3.3333e+00]],

         [[-1.5165e-04, -6.4814e-03,  1.3109e-02,  1.0000e-01,  1.0000e-01,
            5.0000e+01],
          [-1.6539e-03, -1.2280e-02,  1.1556e-02,  1.0000e-01,  1.0000e-01,
            5.0000e+01],
          [-1.0150e-03, -2.0189e-02, -2.3732e-02,  1.0000e-01,  1.0000e-01,
            5.0000e+01],
          ...,
          [ 4.3860e-03, -1.7996e-01, -1.8871e+01,  1.0661e-01,  1.0196e-01,
            5.1685e+00],
          [ 3.8140e-03, -1.8187e-01, -1.8878e+01,  1.0699e-01,  1.0250e-01,
            5.1685e+00],
          [ 4.5547e-03, -1.8158e-01, -1.8866e+01,  1.0947e-01,  1.0252e-01,
            5.1685e+00]],

         [[ 7.8449e-04, -4.7950e-04,  7.7702e-04,  1.0000e-01,  1.0000e-01,
            5.0000e+01],
          [ 1.1334e-03, -2.0246e-03,  4.8077e-03,  1.0000e-01,  1.0000e-01,
            5.0000e+01],
          [ 3.0292e-04, -3.6815e-03,  8.0713e-03,  1.0000e-01,  1.0000e-01,
            5.0000e+01],
          ...,
          [-3.1130e-03, -4.7317e-02,  7.5209e-03,  1.0803e-01,  1.0045e-01,
            2.9342e+00],
          [-3.0933e-03, -4.7622e-02,  1.0664e-02,  1.0902e-01,  1.0057e-01,
            2.9342e+00],
          [-3.1060e-03, -4.7912e-02, -1.0227e-02,  1.0999e-01,  1.0058e-01,
            2.9342e+00]],

         [[-8.7406e-03,  9.5941e-03,  4.3358e-04,  1.0000e-01,  1.0000e-01,
            5.0000e+01],
          [ 2.9146e-03,  3.1342e-03,  2.5597e+00,  1.0000e-01,  1.0000e-01,
            2.0985e+00],
          [ 1.1586e-02,  1.7555e-03,  5.7013e+00,  1.0000e-01,  1.0000e-01,
            2.0985e+00],
          ...,
          [ 1.9086e+00, -2.3993e-02, -6.8577e-02,  1.4103e+00,  2.4267e-01,
            7.4786e-01],
          [ 1.9598e+00, -2.5420e-02,  3.0730e+00,  1.4382e+00,  2.4356e-01,
            7.4786e-01],
          [ 1.9874e+00, -3.2462e-02,  6.1891e+00,  1.4469e+00,  2.4882e-01,
            7.4786e-01]],

         [[-7.6390e-04, -5.9460e-03, -1.2529e-03,  1.0000e-01,  1.0000e-01,
            5.0000e+01],
          [ 9.2523e-04, -1.5066e-02,  5.0608e-03,  1.0000e-01,  1.0000e-01,
            5.0000e+01],
          [-5.1520e-05, -1.8553e-02, -7.6016e-03,  1.0000e-01,  1.0000e-01,
            5.0000e+01],
          ...,
          [-7.3567e-01, -9.8872e-02,  7.1188e-03,  8.5404e-01,  2.8045e-01,
            5.2456e+00],
          [-7.2705e-01, -9.4560e-02,  2.9834e-02,  8.5640e-01,  2.8650e-01,
            5.2456e+00],
          [-7.2652e-01, -1.0021e-01,  8.0117e-03,  8.7330e-01,  2.9247e-01,
            5.2456e+00]]],


        [[[ 1.5251e-02,  1.5240e-03, -1.2758e-02,  1.0000e-01,  1.0000e-01,
            5.0000e+01],
          [ 1.7167e-02, -1.9935e-04, -6.7039e-03,  1.0000e-01,  1.0000e-01,
            5.0000e+01],
          [ 1.9857e-02, -2.3646e-03,  6.9918e-03,  1.0000e-01,  1.0000e-01,
            5.0000e+01],
          ...,
          [ 6.7466e+00, -5.3080e-03, -6.2692e+00,  1.4023e+00,  1.9527e-01,
            4.8329e+00],
          [ 6.9988e+00, -1.7954e-03, -6.2769e+00,  1.4397e+00,  1.9529e-01,
            4.8329e+00],
          [ 7.1779e+00, -6.9716e-03, -6.2783e+00,  1.4456e+00,  2.1019e-01,
            4.8329e+00]],

         [[-1.1709e-03,  2.0668e-03, -1.0931e-02,  1.0000e-01,  1.0000e-01,
            5.0000e+01],
          [-2.0646e-02, -1.2423e-03, -1.8508e-02,  1.0000e-01,  1.0000e-01,
            5.0000e+01],
          [-1.9892e-02,  4.0464e-03,  1.2911e-02,  1.0000e-01,  1.0000e-01,
            5.0000e+01],
          ...,
          [ 8.8091e+00,  4.2280e-02, -1.0740e-01,  1.5222e+00,  6.1185e-01,
            3.0919e+00],
          [ 9.0255e+00,  4.8447e-02, -8.4376e-02,  1.5722e+00,  6.1202e-01,
            3.0919e+00],
          [ 9.1738e+00,  4.0924e-02, -9.9755e-02,  1.5784e+00,  6.9639e-01,
            3.0919e+00]],

         [[ 6.9796e-03,  6.2158e-03,  1.9741e-02,  1.0000e-01,  1.0000e-01,
            5.0000e+01],
          [ 4.4996e-03,  1.4053e-02, -3.5062e-02,  1.0000e-01,  1.0000e-01,
            5.0000e+01],
          [-8.3257e-03, -7.5350e-03,  1.8226e-02,  1.0000e-01,  1.0000e-01,
            5.0000e+01],
          ...,
          [ 1.1818e+01,  2.8750e-02, -1.8898e+01,  1.3620e+00,  1.6457e+00,
            4.7995e+00],
          [ 1.2089e+01,  3.8403e-02, -1.8923e+01,  1.3892e+00,  1.6462e+00,
            4.7995e+00],
          [ 1.2267e+01,  4.6198e-02, -1.8883e+01,  1.3978e+00,  1.8365e+00,
            4.7995e+00]],

         [[-6.9016e-03,  3.8768e-04, -5.1254e-04,  1.0000e-01,  1.0000e-01,
            5.0000e+01],
          [-1.0760e-02,  2.5379e-04,  6.8151e-03,  1.0000e-01,  1.0000e-01,
            5.0000e+01],
          [ 2.1924e-03,  4.9875e-03,  4.5232e-03,  1.0000e-01,  1.0000e-01,
            5.0000e+01],
          ...,
          [ 3.1839e+00, -9.2927e-03,  8.6377e-03,  1.0530e+00,  1.0431e-01,
            3.1164e+00],
          [ 3.3327e+00, -4.3106e-03,  6.9526e-05,  1.1436e+00,  1.0431e-01,
            3.1164e+00],
          [ 3.4467e+00, -8.6204e-03,  1.9345e-03,  1.1461e+00,  1.0539e-01,
            3.1164e+00]],

         [[-6.6944e-03, -1.0836e-04,  1.9723e-03,  1.0000e-01,  1.0000e-01,
            5.0000e+01],
          [ 8.1268e-03, -1.3848e-03,  2.5129e+00,  1.0000e-01,  1.0000e-01,
            2.0332e+00],
          [ 1.1125e-02, -3.5614e-03,  5.6544e+00,  1.0000e-01,  1.0000e-01,
            2.0332e+00],
          ...,
          [ 1.6619e+01,  4.5303e-01, -2.6409e-02,  2.0568e+00,  2.8815e+00,
            6.9625e-01],
          [ 1.6968e+01,  4.9333e-01,  3.1151e+00,  2.0972e+00,  2.8830e+00,
            6.9625e-01],
          [ 1.7250e+01,  5.3492e-01,  6.2153e+00,  2.1070e+00,  3.1039e+00,
            6.9625e-01]],

         [[ 2.2908e-04,  6.2202e-05, -1.2169e-03,  1.0000e-01,  1.0000e-01,
            5.0000e+01],
          [ 5.5087e-04,  5.0273e-04,  2.2365e-03,  1.0000e-01,  1.0000e-01,
            5.0000e+01],
          [ 3.4321e-04,  8.4568e-05, -1.9415e-04,  1.0000e-01,  1.0000e-01,
            5.0000e+01],
          ...,
          [ 2.7015e-04,  1.8005e-04, -1.1067e-03,  3.6502e-01,  1.0002e-01,
            6.5488e+00],
          [ 2.1294e-04,  6.7571e-05, -1.4092e-02,  4.9438e-01,  1.0002e-01,
            6.5488e+00],
          [ 2.3619e-04,  8.7926e-05, -9.5572e-03,  4.9598e-01,  1.0002e-01,
            6.5488e+00]]],


        ...,


        [[[ 1.4209e+00, -1.3964e-01, -6.7096e-03,  1.3347e-01,  1.0004e-01,
            5.0000e+01],
          [ 2.7843e+00, -2.5111e-01, -1.1580e-02,  1.8758e-01,  1.8363e-01,
            5.0000e+01],
          [ 4.1311e+00, -3.5323e-01, -1.7843e-02,  2.8229e-01,  2.0797e-01,
            5.0000e+01],
          ...,
          [ 6.9872e+01, -4.8992e+00, -6.3653e+00,  1.4572e+00,  1.1023e+00,
            3.9664e+00],
          [ 7.0553e+01, -4.9165e+00, -6.3725e+00,  1.5130e+00,  1.1054e+00,
            3.9664e+00],
          [ 7.1085e+01, -4.9400e+00, -6.3995e+00,  1.5286e+00,  1.1057e+00,
            3.9664e+00]],

         [[ 1.3231e+00, -1.8193e-01,  2.8714e-02,  1.2134e-01,  1.0001e-01,
            5.0000e+01],
          [ 2.7276e+00, -3.2436e-01, -1.4452e-02,  1.9612e-01,  1.9553e-01,
            5.0000e+01],
          [ 4.0786e+00, -4.5756e-01, -1.6074e-02,  2.5001e-01,  2.0020e-01,
            5.0000e+01],
          ...,
          [ 7.3034e+01, -5.1484e+00, -7.6463e-02,  1.4578e+00,  1.1682e+00,
            3.2833e+00],
          [ 7.3834e+01, -5.1939e+00, -6.2962e-02,  1.5173e+00,  1.1728e+00,
            3.2833e+00],
          [ 7.4373e+01, -5.2606e+00, -8.0057e-02,  1.5350e+00,  1.1730e+00,
            3.2833e+00]],

         [[ 1.3705e+00, -1.2324e-01, -1.0943e-02,  1.3113e-01,  1.0005e-01,
            5.0000e+01],
          [ 2.7292e+00, -2.3107e-01,  5.3109e-03,  2.6206e-01,  1.8763e-01,
            5.0000e+01],
          [ 4.1390e+00, -3.4153e-01,  2.2752e-02,  3.3486e-01,  1.9810e-01,
            5.0000e+01],
          ...,
          [ 7.7881e+01, -5.1033e+00, -2.5272e+01,  1.5589e+00,  9.6829e-01,
            3.4027e+00],
          [ 7.8643e+01, -5.1924e+00, -2.5296e+01,  1.6416e+00,  9.7268e-01,
            3.4027e+00],
          [ 7.9299e+01, -5.2046e+00, -2.5310e+01,  1.6830e+00,  9.7296e-01,
            3.4027e+00]],

         [[ 1.3579e+00, -1.8440e-01, -4.3319e-03,  1.1665e-01,  1.0014e-01,
            5.0000e+01],
          [ 2.6701e+00, -3.2091e-01, -1.3824e-02,  1.6222e-01,  1.5927e-01,
            5.0000e+01],
          [ 4.0259e+00, -5.0518e-01, -1.2102e-02,  2.5664e-01,  1.9284e-01,
            5.0000e+01],
          ...,
          [ 6.2125e+01, -4.7977e+00, -3.9986e-02,  2.2666e+00,  1.3685e+00,
            2.6452e+00],
          [ 6.2627e+01, -4.8422e+00, -4.6030e-02,  2.3257e+00,  1.3711e+00,
            2.6452e+00],
          [ 6.3018e+01, -4.8454e+00, -6.3137e-02,  2.3614e+00,  1.3718e+00,
            2.6452e+00]],

         [[ 1.4118e+00, -1.0775e-01, -7.8373e-03,  1.5138e-01,  1.0051e-01,
            5.0000e+01],
          [ 2.8540e+00, -2.2611e-01,  2.6561e+00,  2.7794e-01,  1.5992e-01,
            1.8542e+00],
          [ 4.3350e+00, -3.9557e-01,  5.7977e+00,  3.9233e-01,  1.8992e-01,
            1.8542e+00],
          ...,
          [ 8.2899e+01, -5.2697e+00,  7.1238e-02,  2.1901e+00,  1.0341e+00,
            5.2643e-01],
          [ 8.3782e+01, -5.3586e+00,  3.2128e+00,  2.2462e+00,  1.0419e+00,
            5.2643e-01],
          [ 8.4451e+01, -5.3646e+00,  6.3368e+00,  2.4573e+00,  1.0420e+00,
            5.2643e-01]],

         [[ 1.2745e+00, -1.3928e-01, -1.9787e-02,  1.3104e-01,  1.0119e-01,
            5.0000e+01],
          [ 2.5238e+00, -2.5597e-01,  5.6328e-04,  2.6592e-01,  1.4760e-01,
            5.0000e+01],
          [ 3.6796e+00, -3.8839e-01, -2.8090e-02,  4.4906e-01,  2.5091e-01,
            5.0000e+01],
          ...,
          [ 5.0752e+01, -3.5387e+00, -2.4244e-02,  4.8581e+00,  2.0158e+00,
            3.9916e+00],
          [ 5.1069e+01, -3.5777e+00, -2.3758e-02,  4.8798e+00,  2.0297e+00,
            3.9916e+00],
          [ 5.1324e+01, -3.6213e+00, -4.3419e-02,  4.9614e+00,  2.0306e+00,
            3.9916e+00]]],


        [[[-3.5094e-03, -8.4815e-03, -4.4385e-03,  1.0000e-01,  1.0000e-01,
            5.0000e+01],
          [-5.2303e-03, -3.2094e-02, -1.4163e-02,  1.0001e-01,  1.0000e-01,
            5.0000e+01],
          [-2.1266e-02, -4.6991e-02,  4.1355e-02,  1.0003e-01,  1.0000e-01,
            5.0000e+01],
          ...,
          [-5.7992e-02, -8.5539e-02, -6.3025e+00,  2.0826e-01,  1.1735e-01,
            4.3087e+00],
          [-4.0030e-02, -7.9796e-02, -6.2870e+00,  2.1912e-01,  1.2410e-01,
            4.3087e+00],
          [-3.0704e-02, -7.4936e-02, -6.3087e+00,  2.3477e-01,  1.2447e-01,
            4.3087e+00]],

         [[-1.5984e-03, -3.8920e-02,  1.6046e-03,  1.0000e-01,  1.0000e-01,
            5.0000e+01],
          [ 9.6667e-03, -7.7588e-02,  1.9364e-02,  1.0011e-01,  1.0000e-01,
            5.0000e+01],
          [ 2.1245e-03, -1.1574e-01,  3.1211e-03,  1.0081e-01,  1.0002e-01,
            5.0000e+01],
          ...,
          [ 1.3523e-01, -3.8540e-01,  5.7352e-03,  3.4684e-01,  2.4431e-01,
            3.2232e+00],
          [ 1.3490e-01, -3.9150e-01, -2.8723e-02,  3.5824e-01,  2.6265e-01,
            3.2232e+00],
          [ 1.4207e-01, -4.0424e-01,  3.1898e-03,  3.9317e-01,  2.6312e-01,
            3.2232e+00]],

         [[-1.1451e-03, -3.1887e-02, -7.4432e-03,  1.0000e-01,  1.0000e-01,
            5.0000e+01],
          [ 9.9139e-03, -6.6706e-02, -3.0561e-04,  1.0029e-01,  1.0000e-01,
            5.0000e+01],
          [-8.7469e-03, -9.0624e-02,  5.0883e-03,  1.0270e-01,  1.0000e-01,
            5.0000e+01],
          ...,
          [ 2.7080e+00, -2.1390e-01, -1.8780e+01,  9.9529e-01,  5.4863e-01,
            3.5064e+00],
          [ 2.7491e+00, -2.3680e-01, -1.8822e+01,  1.0156e+00,  5.6444e-01,
            3.5064e+00],
          [ 2.7700e+00, -2.1619e-01, -1.8778e+01,  1.0502e+00,  5.7620e-01,
            3.5064e+00]],

         [[-2.4651e-02, -2.8070e-02, -1.0730e-02,  1.0000e-01,  1.0000e-01,
            5.0000e+01],
          [-4.1569e-02, -5.3481e-02, -1.7106e-03,  1.0017e-01,  1.0000e-01,
            5.0000e+01],
          [-6.8187e-02, -6.8473e-02,  6.1561e-03,  1.0038e-01,  1.0000e-01,
            5.0000e+01],
          ...,
          [-1.9747e-01, -2.4282e-01,  6.5897e-02,  2.0306e-01,  1.3138e-01,
            2.7380e+00],
          [-2.0046e-01, -2.4643e-01,  3.6317e-02,  2.0713e-01,  1.4381e-01,
            2.7380e+00],
          [-1.9818e-01, -2.4684e-01,  3.6587e-02,  2.2981e-01,  1.4391e-01,
            2.7380e+00]],

         [[-3.2614e-03, -3.8924e-02,  1.4188e-02,  1.0001e-01,  1.0000e-01,
            5.0000e+01],
          [ 2.7752e-02, -6.1301e-02,  2.5639e+00,  1.0210e-01,  1.0000e-01,
            1.7742e+00],
          [ 2.5689e-02, -8.4633e-02,  5.7054e+00,  1.0776e-01,  1.0001e-01,
            1.7742e+00],
          ...,
          [ 1.0131e+01, -1.8039e-01,  1.2283e-04,  3.4923e+00,  2.3172e+00,
            5.6784e-01],
          [ 1.0306e+01, -1.6990e-01,  3.1416e+00,  3.5423e+00,  2.3320e+00,
            5.6784e-01],
          [ 1.0426e+01, -1.5245e-01,  6.2458e+00,  3.5886e+00,  2.3787e+00,
            5.6784e-01]],

         [[-1.9888e-02, -3.3343e-02,  8.6948e-03,  1.0001e-01,  1.0000e-01,
            5.0000e+01],
          [-5.9863e-02, -5.0936e-02,  1.4786e-02,  1.0274e-01,  1.0000e-01,
            5.0000e+01],
          [-1.1838e-01, -7.9694e-02,  7.8862e-03,  1.0830e-01,  1.0001e-01,
            5.0000e+01],
          ...,
          [-1.0519e+00, -2.7441e-01,  2.3139e-02,  6.2951e-01,  2.4789e-01,
            5.3092e+00],
          [-1.0492e+00, -2.6471e-01, -1.9092e-02,  6.3168e-01,  2.5859e-01,
            5.3092e+00],
          [-1.0455e+00, -2.8063e-01,  2.1016e-03,  6.6450e-01,  2.5883e-01,
            5.3092e+00]]],


        [[[-3.5094e-03, -8.4815e-03, -4.4385e-03,  1.0000e-01,  1.0000e-01,
            5.0000e+01],
          [-5.2303e-03, -3.2094e-02, -1.4163e-02,  1.0001e-01,  1.0000e-01,
            5.0000e+01],
          [-2.1266e-02, -4.6991e-02,  4.1355e-02,  1.0003e-01,  1.0000e-01,
            5.0000e+01],
          ...,
          [-5.7992e-02, -8.5539e-02, -6.3025e+00,  2.0826e-01,  1.1735e-01,
            4.3087e+00],
          [-4.0030e-02, -7.9796e-02, -6.2870e+00,  2.1912e-01,  1.2410e-01,
            4.3087e+00],
          [-3.0704e-02, -7.4936e-02, -6.3087e+00,  2.3477e-01,  1.2447e-01,
            4.3087e+00]],

         [[-1.5984e-03, -3.8920e-02,  1.6046e-03,  1.0000e-01,  1.0000e-01,
            5.0000e+01],
          [ 9.6667e-03, -7.7588e-02,  1.9364e-02,  1.0011e-01,  1.0000e-01,
            5.0000e+01],
          [ 2.1245e-03, -1.1574e-01,  3.1211e-03,  1.0081e-01,  1.0002e-01,
            5.0000e+01],
          ...,
          [ 1.3523e-01, -3.8540e-01,  5.7352e-03,  3.4684e-01,  2.4431e-01,
            3.2232e+00],
          [ 1.3490e-01, -3.9150e-01, -2.8723e-02,  3.5824e-01,  2.6265e-01,
            3.2232e+00],
          [ 1.4207e-01, -4.0424e-01,  3.1898e-03,  3.9317e-01,  2.6312e-01,
            3.2232e+00]],

         [[-1.1451e-03, -3.1887e-02, -7.4432e-03,  1.0000e-01,  1.0000e-01,
            5.0000e+01],
          [ 9.9139e-03, -6.6706e-02, -3.0561e-04,  1.0029e-01,  1.0000e-01,
            5.0000e+01],
          [-8.7469e-03, -9.0624e-02,  5.0883e-03,  1.0270e-01,  1.0000e-01,
            5.0000e+01],
          ...,
          [ 2.7080e+00, -2.1390e-01, -1.8780e+01,  9.9529e-01,  5.4863e-01,
            3.5064e+00],
          [ 2.7491e+00, -2.3680e-01, -1.8822e+01,  1.0156e+00,  5.6444e-01,
            3.5064e+00],
          [ 2.7700e+00, -2.1619e-01, -1.8778e+01,  1.0502e+00,  5.7620e-01,
            3.5064e+00]],

         [[-2.4651e-02, -2.8070e-02, -1.0730e-02,  1.0000e-01,  1.0000e-01,
            5.0000e+01],
          [-4.1569e-02, -5.3481e-02, -1.7106e-03,  1.0017e-01,  1.0000e-01,
            5.0000e+01],
          [-6.8187e-02, -6.8473e-02,  6.1561e-03,  1.0038e-01,  1.0000e-01,
            5.0000e+01],
          ...,
          [-1.9747e-01, -2.4282e-01,  6.5897e-02,  2.0306e-01,  1.3138e-01,
            2.7380e+00],
          [-2.0046e-01, -2.4643e-01,  3.6317e-02,  2.0713e-01,  1.4381e-01,
            2.7380e+00],
          [-1.9818e-01, -2.4684e-01,  3.6587e-02,  2.2981e-01,  1.4391e-01,
            2.7380e+00]],

         [[-3.2614e-03, -3.8924e-02,  1.4188e-02,  1.0001e-01,  1.0000e-01,
            5.0000e+01],
          [ 2.7752e-02, -6.1301e-02,  2.5639e+00,  1.0210e-01,  1.0000e-01,
            1.7742e+00],
          [ 2.5689e-02, -8.4633e-02,  5.7054e+00,  1.0776e-01,  1.0001e-01,
            1.7742e+00],
          ...,
          [ 1.0131e+01, -1.8039e-01,  1.2283e-04,  3.4923e+00,  2.3172e+00,
            5.6784e-01],
          [ 1.0306e+01, -1.6990e-01,  3.1416e+00,  3.5423e+00,  2.3320e+00,
            5.6784e-01],
          [ 1.0426e+01, -1.5245e-01,  6.2458e+00,  3.5886e+00,  2.3787e+00,
            5.6784e-01]],

         [[-1.9888e-02, -3.3343e-02,  8.6948e-03,  1.0001e-01,  1.0000e-01,
            5.0000e+01],
          [-5.9863e-02, -5.0936e-02,  1.4786e-02,  1.0274e-01,  1.0000e-01,
            5.0000e+01],
          [-1.1838e-01, -7.9694e-02,  7.8862e-03,  1.0830e-01,  1.0001e-01,
            5.0000e+01],
          ...,
          [-1.0519e+00, -2.7441e-01,  2.3139e-02,  6.2951e-01,  2.4789e-01,
            5.3092e+00],
          [-1.0492e+00, -2.6471e-01, -1.9092e-02,  6.3168e-01,  2.5859e-01,
            5.3092e+00],
          [-1.0455e+00, -2.8063e-01,  2.1016e-03,  6.6450e-01,  2.5883e-01,
            5.3092e+00]]]], device='cuda:0')
{'global_position': tensor([[[[4035.1108, -109.8388],
          [4035.0706, -109.8588],
          [4034.9946, -109.8819],
          ...,
          [4021.4648, -113.7064],
          [4021.3762, -113.8847],
          [4021.3091, -114.0303]],

         [[   0.0000,    0.0000],
          [   0.0000,    0.0000],
          [   0.0000,    0.0000],
          ...,
          [4039.6167, -106.7031],
          [4039.6179, -106.6976],
          [   0.0000,    0.0000]],

         [[4016.1438,  -88.3367],
          [4016.1611,  -88.5958],
          [4016.1831,  -88.9197],
          ...,
          [4016.8877,  -99.4262],
          [4016.8865,  -99.4264],
          [4016.8855,  -99.4265]],

         ...,

         [[   0.0000,    0.0000],
          [   0.0000,    0.0000],
          [   0.0000,    0.0000],
          ...,
          [   0.0000,    0.0000],
          [   0.0000,    0.0000],
          [   0.0000,    0.0000]],

         [[   0.0000,    0.0000],
          [   0.0000,    0.0000],
          [   0.0000,    0.0000],
          ...,
          [   0.0000,    0.0000],
          [   0.0000,    0.0000],
          [   0.0000,    0.0000]],

         [[   0.0000,    0.0000],
          [   0.0000,    0.0000],
          [   0.0000,    0.0000],
          ...,
          [   0.0000,    0.0000],
          [   0.0000,    0.0000],
          [   0.0000,    0.0000]]]], device='cuda:0'), 'object_type': tensor([[0, 0, 0, 0, 1, 0, 0, 0, 0, 0, 0, 0, 0, 0, 0, 0, 0, 3, 0, 0, 0, 0, 0, 0,
         0, 0, 0, 0, 0, 0, 0, 0, 0, 0, 0, 0, 0, 0, 0, 0]], device='cuda:0',
       dtype=torch.uint8), 'object_category': tensor([[3, 0, 1, 1, 0, 0, 1, 2, 2, 1, 2, 0, 0, 1, 1, 1, 0, 0, 0, 1, 0, 0, 0, 1,
         0, 1, 0, 0, 1, 1, 0, 1, 0, 0, 0, 0, 1, 0, 0, 0]], device='cuda:0',
       dtype=torch.uint8), 'global_heading': tensor([[[-2.5922, -2.5853, -2.5850,  ..., -2.2569, -2.2260, -2.2010],
         [ 0.0000,  0.0000,  0.0000,  ..., -2.9615, -2.9613,  0.0000],
         [-1.5022, -1.5013, -1.5003,  ..., -1.5056, -1.5056, -1.5056],
         ...,
         [ 0.0000,  0.0000,  0.0000,  ...,  0.0000,  0.0000,  0.0000],
         [ 0.0000,  0.0000,  0.0000,  ...,  0.0000,  0.0000,  0.0000],
         [ 0.0000,  0.0000,  0.0000,  ...,  0.0000,  0.0000,  0.0000]]],
       device='cuda:0'), 'global_vel': tensor([[[[-3.4789e-02,  5.1621e-02],
          [-3.4789e-02,  5.1621e-02],
          [-1.1972e-01,  4.1293e-02],
          ...,
          [-2.2366e+00, -2.6734e+00],
          [-2.2339e+00, -2.9845e+00],
          [-2.2339e+00, -2.9845e+00]],

         [[ 0.0000e+00,  0.0000e+00],
          [ 0.0000e+00,  0.0000e+00],
          [ 0.0000e+00,  0.0000e+00],
          ...,
          [ 1.9840e-10,  1.6330e-10],
          [ 7.0632e-11,  5.4188e-11],
          [ 0.0000e+00,  0.0000e+00]],

         [[ 0.0000e+00,  0.0000e+00],
          [ 0.0000e+00,  0.0000e+00],
          [ 3.8653e-01, -5.8551e+00],
          ...,
          [-3.6399e-03, -1.0349e-03],
          [-2.5622e-03, -1.4918e-03],
          [-2.1810e-07, -1.2698e-07]],

         ...,

         [[ 0.0000e+00,  0.0000e+00],
          [ 0.0000e+00,  0.0000e+00],
          [ 0.0000e+00,  0.0000e+00],
          ...,
          [ 0.0000e+00,  0.0000e+00],
          [ 0.0000e+00,  0.0000e+00],
          [ 0.0000e+00,  0.0000e+00]],

         [[ 0.0000e+00,  0.0000e+00],
          [ 0.0000e+00,  0.0000e+00],
          [ 0.0000e+00,  0.0000e+00],
          ...,
          [ 0.0000e+00,  0.0000e+00],
          [ 0.0000e+00,  0.0000e+00],
          [ 0.0000e+00,  0.0000e+00]],

         [[ 0.0000e+00,  0.0000e+00],
          [ 0.0000e+00,  0.0000e+00],
          [ 0.0000e+00,  0.0000e+00],
          ...,
          [ 0.0000e+00,  0.0000e+00],
          [ 0.0000e+00,  0.0000e+00],
          [ 0.0000e+00,  0.0000e+00]]]], device='cuda:0'), 'padding_mask': tensor([[[False, False, False,  ..., False, False, False],
         [ True,  True,  True,  ..., False, False,  True],
         [False, False, False,  ..., False, False, False],
         ...,
         [ True,  True,  True,  ...,  True,  True,  True],
         [ True,  True,  True,  ...,  True,  True,  True],
         [ True,  True,  True,  ...,  True,  True,  True]]], device='cuda:0'), 'lane_position': tensor([[[[4030.5000, -109.7950],
          [4029.8079, -109.9352],
          [4029.1155, -110.0754],
          ...,
          [4021.6367, -105.1315],
          [4021.5559, -104.4333],
          [4021.4751, -103.7350]],

         [[4030.5000, -109.7950],
          [4029.3682, -110.0272],
          [4028.2361, -110.2594],
          ...,
          [4011.2478, -113.6884],
          [4010.1101, -113.8871],
          [4008.9751, -114.1000]],

         [[4030.5000, -109.7950],
          [4029.4138, -110.0313],
          [4028.3354, -110.3020],
          ...,
          [4018.4321, -122.3010],
          [4018.4246, -123.4044],
          [4018.4600, -124.5100]],

         ...,

         [[   0.0000,    0.0000],
          [   0.0000,    0.0000],
          [   0.0000,    0.0000],
          ...,
          [   0.0000,    0.0000],
          [   0.0000,    0.0000],
          [   0.0000,    0.0000]],

         [[   0.0000,    0.0000],
          [   0.0000,    0.0000],
          [   0.0000,    0.0000],
          ...,
          [   0.0000,    0.0000],
          [   0.0000,    0.0000],
          [   0.0000,    0.0000]],

         [[   0.0000,    0.0000],
          [   0.0000,    0.0000],
          [   0.0000,    0.0000],
          ...,
          [   0.0000,    0.0000],
          [   0.0000,    0.0000],
          [   0.0000,    0.0000]]]], device='cuda:0'), 'lane_ctr': tensor([[[4024.0454, -109.6134],
         [4019.7468, -112.0007],
         [4021.4502, -114.7216],
         [4026.6602, -112.6825],
         [4026.6602, -112.6825],
         [4040.2754, -107.8312],
         [4020.0649, -108.0325],
         [4020.0649, -108.0325],
         [4021.5425, -112.8474],
         [4020.5281, -116.3402],
         [4024.3259, -117.0252],
         [4040.6082, -112.3436],
         [4022.2122, -113.9555],
         [4019.3511, -113.9509],
         [4020.2373, -119.9825],
         [4020.2373, -119.9825],
         [4021.0400,  -96.8675],
         [4017.7874, -114.3252],
         [4018.4585, -115.7637],
         [4016.0986, -111.5493],
         [4016.6299,  -97.0700],
         [4014.2075, -115.3650],
         [4014.2075, -115.3650],
         [4016.1919, -118.7273],
         [4023.8569, -138.1436],
         [4019.3818, -138.4426],
         [3984.4795, -118.9470],
         [3984.9370, -123.3944],
         [4018.6177,  -60.0021],
         [4059.7700, -108.2990],
         [4059.6973, -103.7872],
         [4014.2200,  -60.0012],
         [4079.6350, -104.4375],
         [4076.6104, -105.2408],
         [4079.4407, -101.4134],
         [4074.1045,  -99.8110],
         [4079.2710, -100.0866],
         [   0.0000,    0.0000],
         [   0.0000,    0.0000],
         [   0.0000,    0.0000],
         [   0.0000,    0.0000],
         [   0.0000,    0.0000],
         [   0.0000,    0.0000],
         [   0.0000,    0.0000],
         [   0.0000,    0.0000],
         [   0.0000,    0.0000],
         [   0.0000,    0.0000],
         [   0.0000,    0.0000],
         [   0.0000,    0.0000],
         [   0.0000,    0.0000],
         [   0.0000,    0.0000],
         [   0.0000,    0.0000],
         [   0.0000,    0.0000],
         [   0.0000,    0.0000],
         [   0.0000,    0.0000],
         [   0.0000,    0.0000],
         [   0.0000,    0.0000],
         [   0.0000,    0.0000],
         [   0.0000,    0.0000],
         [   0.0000,    0.0000],
         [   0.0000,    0.0000],
         [   0.0000,    0.0000],
         [   0.0000,    0.0000],
         [   0.0000,    0.0000],
         [   0.0000,    0.0000],
         [   0.0000,    0.0000],
         [   0.0000,    0.0000],
         [   0.0000,    0.0000],
         [   0.0000,    0.0000],
         [   0.0000,    0.0000],
         [   0.0000,    0.0000],
         [   0.0000,    0.0000],
         [   0.0000,    0.0000],
         [   0.0000,    0.0000],
         [   0.0000,    0.0000],
         [   0.0000,    0.0000],
         [   0.0000,    0.0000],
         [   0.0000,    0.0000],
         [   0.0000,    0.0000],
         [   0.0000,    0.0000],
         [   0.0000,    0.0000],
         [   0.0000,    0.0000],
         [   0.0000,    0.0000],
         [   0.0000,    0.0000],
         [   0.0000,    0.0000],
         [   0.0000,    0.0000],
         [   0.0000,    0.0000],
         [   0.0000,    0.0000],
         [   0.0000,    0.0000],
         [   0.0000,    0.0000],
         [   0.0000,    0.0000],
         [   0.0000,    0.0000],
         [   0.0000,    0.0000],
         [   0.0000,    0.0000],
         [   0.0000,    0.0000],
         [   0.0000,    0.0000],
         [   0.0000,    0.0000],
         [   0.0000,    0.0000],
         [   0.0000,    0.0000],
         [   0.0000,    0.0000],
         [   0.0000,    0.0000],
         [   0.0000,    0.0000],
         [   0.0000,    0.0000],
         [   0.0000,    0.0000],
         [   0.0000,    0.0000],
         [   0.0000,    0.0000],
         [   0.0000,    0.0000],
         [   0.0000,    0.0000],
         [   0.0000,    0.0000],
         [   0.0000,    0.0000],
         [   0.0000,    0.0000],
         [   0.0000,    0.0000],
         [   0.0000,    0.0000],
         [   0.0000,    0.0000],
         [   0.0000,    0.0000],
         [   0.0000,    0.0000],
         [   0.0000,    0.0000],
         [   0.0000,    0.0000],
         [   0.0000,    0.0000],
         [   0.0000,    0.0000],
         [   0.0000,    0.0000],
         [   0.0000,    0.0000],
         [   0.0000,    0.0000],
         [   0.0000,    0.0000],
         [   0.0000,    0.0000],
         [   0.0000,    0.0000],
         [   0.0000,    0.0000],
         [   0.0000,    0.0000]]], device='cuda:0'), 'lane_theta': tensor([[ 2.5334, -2.9393, -2.2684, -1.4814,  1.6602, -2.9369,  0.1583, -2.9833,
         -0.6661,  0.1967,  0.8582,  0.2043,  1.6428,  0.8982, -2.9656,  0.1760,
          1.6342, -1.5049,  2.5116, -2.2937, -1.5030, -1.5085,  1.6331, -0.5965,
          1.6366, -1.5048, -2.9420,  0.1952,  1.6404,  0.2113, -2.9360, -1.5049,
          0.1729, -0.0077,  2.8476, -2.2920, -2.9711,  0.0000,  0.0000,  0.0000,
          0.0000,  0.0000,  0.0000,  0.0000,  0.0000,  0.0000,  0.0000,  0.0000,
          0.0000,  0.0000,  0.0000,  0.0000,  0.0000,  0.0000,  0.0000,  0.0000,
          0.0000,  0.0000,  0.0000,  0.0000,  0.0000,  0.0000,  0.0000,  0.0000,
          0.0000,  0.0000,  0.0000,  0.0000,  0.0000,  0.0000,  0.0000,  0.0000,
          0.0000,  0.0000,  0.0000,  0.0000,  0.0000,  0.0000,  0.0000,  0.0000,
          0.0000,  0.0000,  0.0000,  0.0000,  0.0000,  0.0000,  0.0000,  0.0000,
          0.0000,  0.0000,  0.0000,  0.0000,  0.0000,  0.0000,  0.0000,  0.0000,
          0.0000,  0.0000,  0.0000,  0.0000,  0.0000,  0.0000,  0.0000,  0.0000,
          0.0000,  0.0000,  0.0000,  0.0000,  0.0000,  0.0000,  0.0000,  0.0000,
          0.0000,  0.0000,  0.0000,  0.0000,  0.0000,  0.0000,  0.0000,  0.0000,
          0.0000,  0.0000,  0.0000,  0.0000,  0.0000,  0.0000,  0.0000,  0.0000]],
       device='cuda:0'), 'lane_type': tensor([[0, 0, 0, 3, 3, 0, 3, 3, 0, 0, 0, 0, 0, 0, 3, 3, 0, 0, 0, 0, 0, 3, 3, 0,
         0, 0, 0, 0, 0, 0, 0, 0, 0, 0, 0, 0, 0, 0, 0, 0, 0, 0, 0, 0, 0, 0, 0, 0,
         0, 0, 0, 0, 0, 0, 0, 0, 0, 0, 0, 0, 0, 0, 0, 0, 0, 0, 0, 0, 0, 0, 0, 0,
         0, 0, 0, 0, 0, 0, 0, 0, 0, 0, 0, 0, 0, 0, 0, 0, 0, 0, 0, 0, 0, 0, 0, 0,
         0, 0, 0, 0, 0, 0, 0, 0, 0, 0, 0, 0, 0, 0, 0, 0, 0, 0, 0, 0, 0, 0, 0, 0,
         0, 0, 0, 0, 0, 0, 0, 0]], device='cuda:0', dtype=torch.uint8), 'lane_width': tensor([[4.5142, 4.6580, 4.3643, 2.2717, 2.2717, 4.9472, 2.3956, 2.3956, 4.1559,
         4.2278, 3.9293, 4.1232, 4.4246, 4.2211, 2.9504, 2.9504, 4.4689, 4.4463,
         4.2613, 4.3666, 4.3683, 2.6603, 2.6603, 4.0883, 4.4578, 4.5315, 4.6000,
         4.4049, 4.4787, 4.1758, 4.8254, 4.3546, 3.6888, 4.5109, 4.6956, 5.4276,
         5.0900, 0.0000, 0.0000, 0.0000, 0.0000, 0.0000, 0.0000, 0.0000, 0.0000,
         0.0000, 0.0000, 0.0000, 0.0000, 0.0000, 0.0000, 0.0000, 0.0000, 0.0000,
         0.0000, 0.0000, 0.0000, 0.0000, 0.0000, 0.0000, 0.0000, 0.0000, 0.0000,
         0.0000, 0.0000, 0.0000, 0.0000, 0.0000, 0.0000, 0.0000, 0.0000, 0.0000,
         0.0000, 0.0000, 0.0000, 0.0000, 0.0000, 0.0000, 0.0000, 0.0000, 0.0000,
         0.0000, 0.0000, 0.0000, 0.0000, 0.0000, 0.0000, 0.0000, 0.0000, 0.0000,
         0.0000, 0.0000, 0.0000, 0.0000, 0.0000, 0.0000, 0.0000, 0.0000, 0.0000,
         0.0000, 0.0000, 0.0000, 0.0000, 0.0000, 0.0000, 0.0000, 0.0000, 0.0000,
         0.0000, 0.0000, 0.0000, 0.0000, 0.0000, 0.0000, 0.0000, 0.0000, 0.0000,
         0.0000, 0.0000, 0.0000, 0.0000, 0.0000, 0.0000, 0.0000, 0.0000, 0.0000,
         0.0000, 0.0000]], device='cuda:0'), 'is_intersection': tensor([[0, 0, 0, 2, 2, 1, 2, 2, 0, 0, 0, 1, 0, 0, 2, 2, 1, 0, 0, 0, 1, 2, 2, 0,
         1, 1, 1, 1, 1, 1, 1, 1, 0, 0, 0, 0, 0, 0, 0, 0, 0, 0, 0, 0, 0, 0, 0, 0,
         0, 0, 0, 0, 0, 0, 0, 0, 0, 0, 0, 0, 0, 0, 0, 0, 0, 0, 0, 0, 0, 0, 0, 0,
         0, 0, 0, 0, 0, 0, 0, 0, 0, 0, 0, 0, 0, 0, 0, 0, 0, 0, 0, 0, 0, 0, 0, 0,
         0, 0, 0, 0, 0, 0, 0, 0, 0, 0, 0, 0, 0, 0, 0, 0, 0, 0, 0, 0, 0, 0, 0, 0,
         0, 0, 0, 0, 0, 0, 0, 0]], device='cuda:0', dtype=torch.uint8), 'lane_mask': tensor([[False, False, False, False, False, False, False, False, False, False,
         False, False, False, False, False, False, False, False, False, False,
         False, False, False, False, False, False, False, False, False, False,
         False, False, False, False, False, False, False,  True,  True,  True,
          True,  True,  True,  True,  True,  True,  True,  True,  True,  True,
          True,  True,  True,  True,  True,  True,  True,  True,  True,  True,
          True,  True,  True,  True,  True,  True,  True,  True,  True,  True,
          True,  True,  True,  True,  True,  True,  True,  True,  True,  True,
          True,  True,  True,  True,  True,  True,  True,  True,  True,  True,
          True,  True,  True,  True,  True,  True,  True,  True,  True,  True,
          True,  True,  True,  True,  True,  True,  True,  True,  True,  True,
          True,  True,  True,  True,  True,  True,  True,  True,  True,  True,
          True,  True,  True,  True,  True,  True,  True,  True]],
       device='cuda:0'), 'lane_left_type': tensor([[14, 14, 14, 15, 15,  5, 15, 15, 14, 14, 14,  5, 14, 14, 15, 15, 14, 14,
         14, 14, 14, 15, 15, 14, 14, 14, 14, 14, 14,  5,  5, 14, 14, 14, 14, 14,
         14,  0,  0,  0,  0,  0,  0,  0,  0,  0,  0,  0,  0,  0,  0,  0,  0,  0,
          0,  0,  0,  0,  0,  0,  0,  0,  0,  0,  0,  0,  0,  0,  0,  0,  0,  0,
          0,  0,  0,  0,  0,  0,  0,  0,  0,  0,  0,  0,  0,  0,  0,  0,  0,  0,
          0,  0,  0,  0,  0,  0,  0,  0,  0,  0,  0,  0,  0,  0,  0,  0,  0,  0,
          0,  0,  0,  0,  0,  0,  0,  0,  0,  0,  0,  0,  0,  0,  0,  0,  0,  0,
          0,  0]], device='cuda:0', dtype=torch.uint8), 'lane_right_type': tensor([[14, 14, 14, 15, 15, 14, 15, 15, 14, 14, 14, 14, 14, 14, 15, 15, 14, 14,
         14, 14, 14, 15, 15, 14, 14, 14, 14, 14, 14, 14, 14, 14, 14, 14, 14, 14,
         14,  0,  0,  0,  0,  0,  0,  0,  0,  0,  0,  0,  0,  0,  0,  0,  0,  0,
          0,  0,  0,  0,  0,  0,  0,  0,  0,  0,  0,  0,  0,  0,  0,  0,  0,  0,
          0,  0,  0,  0,  0,  0,  0,  0,  0,  0,  0,  0,  0,  0,  0,  0,  0,  0,
          0,  0,  0,  0,  0,  0,  0,  0,  0,  0,  0,  0,  0,  0,  0,  0,  0,  0,
          0,  0,  0,  0,  0,  0,  0,  0,  0,  0,  0,  0,  0,  0,  0,  0,  0,  0,
          0,  0]], device='cuda:0', dtype=torch.uint8), 'lane_map': tensor([[[0, 0, 0,  ..., 0, 0, 0],
         [0, 0, 0,  ..., 0, 0, 0],
         [0, 0, 0,  ..., 0, 0, 0],
         ...,
         [0, 0, 0,  ..., 0, 0, 0],
         [0, 0, 0,  ..., 0, 0, 0],
         [0, 0, 0,  ..., 0, 0, 0]]], device='cuda:0', dtype=torch.uint8), 'scenario_id': ['80032fab-8e7f-47ca-aac4-921d5a5c2edf'], 'track_id': ['101947'], 'city': ['pittsburgh'], 'agent_feature': tensor([[[[-6.7362e+00,  4.6460e-01,  8.9818e-01,  4.3962e-01,  2.9779e-02,
           -5.4665e-02],
          [-6.6942e+00,  4.8064e-01,  8.9512e-01,  4.4583e-01,  2.9779e-02,
           -5.4665e-02],
          [-6.6164e+00,  4.9654e-01,  8.9501e-01,  4.4605e-01,  1.1530e-01,
           -5.2372e-02],
          ...,
          [-1.4768e-01,  2.0192e-02,  9.9999e-01,  4.3447e-03,  5.1046e-01,
            6.0533e-03],
          [-7.6670e-02,  1.1298e-02,  1.0000e+00,  2.8005e-03,  5.3045e-01,
            3.5276e-03],
          [ 0.0000e+00,  0.0000e+00,  1.0000e+00,  0.0000e+00,  5.4367e-01,
            1.0247e-03]],

         [[ 3.9493e+03, -8.5648e+02, -9.8255e-01,  1.8601e-01,  0.0000e+00,
            0.0000e+00],
          [ 3.9493e+03, -8.5648e+02, -9.8255e-01,  1.8601e-01,  0.0000e+00,
            0.0000e+00],
          [ 3.9493e+03, -8.5648e+02, -9.8255e-01,  1.8601e-01,  0.0000e+00,
            0.0000e+00],
          ...,
          [-1.4682e-03,  1.4558e-02,  1.0000e+00,  4.2009e-04,  9.5518e-10,
            4.9881e-10],
          [-8.8737e-04,  7.1253e-03,  1.0000e+00,  1.5593e-04,  5.0487e-10,
            2.5713e-10],
          [ 0.0000e+00,  0.0000e+00,  1.0000e+00,  0.0000e+00,  5.5880e-11,
            1.6186e-11]],

         [[-1.0689e+01, -4.0222e-02,  9.9999e-01,  3.2356e-03,  0.0000e+00,
            0.0000e+00],
          [-1.0429e+01, -3.9851e-02,  9.9999e-01,  4.1017e-03,  0.0000e+00,
            0.0000e+00],
          [-1.0105e+01, -3.9088e-02,  9.9999e-01,  5.0919e-03,  5.8678e+00,
            3.1514e-03],
          ...,
          [-9.0596e-04,  5.9319e-05,  1.0000e+00,  3.5763e-06, -4.0547e-03,
           -5.7005e-03],
          [-9.5091e-04,  3.0693e-04,  1.0000e+00,  5.2452e-06,  1.0535e-01,
           -3.5047e-03],
          [ 0.0000e+00,  0.0000e+00,  1.0000e+00,  0.0000e+00, -1.2696e-02,
           -1.7342e-03]],

         ...,

         [[ 8.0726e+02,  3.9559e+03, -1.3929e-01, -9.9025e-01,  0.0000e+00,
            0.0000e+00],
          [ 8.0726e+02,  3.9559e+03, -1.3929e-01, -9.9025e-01,  0.0000e+00,
            0.0000e+00],
          [ 8.0726e+02,  3.9559e+03, -1.3929e-01, -9.9025e-01,  0.0000e+00,
            0.0000e+00],
          ...,
          [-2.6525e+00,  3.7327e-02,  9.9999e-01, -3.3817e-03,  1.2623e+01,
            1.7803e-01],
          [-1.3532e+00,  4.3650e-02,  1.0000e+00, -3.5810e-04,  1.2666e+01,
            2.1794e-01],
          [ 0.0000e+00,  0.0000e+00,  1.0000e+00,  0.0000e+00,  1.2692e+01,
            1.4785e-01]],

         [[ 0.0000e+00,  0.0000e+00,  1.0000e+00,  0.0000e+00,  0.0000e+00,
            0.0000e+00],
          [ 0.0000e+00,  0.0000e+00,  1.0000e+00,  0.0000e+00,  0.0000e+00,
            0.0000e+00],
          [ 0.0000e+00,  0.0000e+00,  1.0000e+00,  0.0000e+00,  0.0000e+00,
            0.0000e+00],
          ...,
          [ 0.0000e+00,  0.0000e+00,  1.0000e+00,  0.0000e+00,  0.0000e+00,
            0.0000e+00],
          [ 0.0000e+00,  0.0000e+00,  1.0000e+00,  0.0000e+00,  0.0000e+00,
            0.0000e+00],
          [ 0.0000e+00,  0.0000e+00,  1.0000e+00,  0.0000e+00,  0.0000e+00,
            0.0000e+00]],

         [[ 0.0000e+00,  0.0000e+00,  1.0000e+00,  0.0000e+00,  0.0000e+00,
            0.0000e+00],
          [ 0.0000e+00,  0.0000e+00,  1.0000e+00,  0.0000e+00,  0.0000e+00,
            0.0000e+00],
          [ 0.0000e+00,  0.0000e+00,  1.0000e+00,  0.0000e+00,  0.0000e+00,
            0.0000e+00],
          ...,
          [ 0.0000e+00,  0.0000e+00,  1.0000e+00,  0.0000e+00,  0.0000e+00,
            0.0000e+00],
          [ 0.0000e+00,  0.0000e+00,  1.0000e+00,  0.0000e+00,  0.0000e+00,
            0.0000e+00],
          [ 0.0000e+00,  0.0000e+00,  1.0000e+00,  0.0000e+00,  0.0000e+00,
            0.0000e+00]]]], device='cuda:0'), 'target': tensor([[[[ 7.8084e-02, -1.1900e-02, -1.4181e-03],
          [ 1.5750e-01, -2.2683e-02, -2.3782e-03],
          [ 2.3776e-01, -3.4911e-02, -1.9555e-03],
          ...,
          [ 7.2131e+00,  3.0313e+00,  7.9044e-01],
          [ 7.3181e+00,  3.2005e+00,  8.2142e-01],
          [ 7.3987e+00,  3.3391e+00,  8.4635e-01]],

         [[ 1.1641e-03, -6.9759e-03, -1.6117e-04],
          [ 2.3126e-03, -1.2722e-02, -1.0729e-04],
          [ 3.8614e-03, -1.7666e-02, -1.0920e-04],
          ...,
          [ 3.4276e-02, -2.2845e-01, -7.0043e-03],
          [ 3.2044e-02, -2.3368e-01, -6.8181e-03],
          [ 3.9493e+03, -8.5648e+02,  2.9545e+00]],

         [[ 1.2319e-03, -5.6999e-04, -2.0027e-05],
          [ 2.4028e-03, -1.1360e-03, -2.5034e-05],
          [ 3.4125e-03, -2.1807e-03, -3.2902e-05],
          ...,
          [ 4.2531e-01, -2.2466e-02, -1.9431e-04],
          [ 4.2542e-01, -2.3696e-02, -1.9312e-04],
          [ 4.2547e-01, -2.4678e-02, -1.9431e-04]],

         ...,

         [[ 1.3977e+00, -5.0649e-02, -2.0092e-03],
          [ 2.8009e+00, -1.8024e-01, -6.6276e-03],
          [ 4.1602e+00, -3.4431e-01, -1.1478e-02],
          ...,
          [ 8.0726e+02,  3.9559e+03, -1.7105e+00],
          [ 8.0726e+02,  3.9559e+03, -1.7105e+00],
          [ 8.0726e+02,  3.9559e+03, -1.7105e+00]],

         [[ 0.0000e+00,  0.0000e+00,  0.0000e+00],
          [ 0.0000e+00,  0.0000e+00,  0.0000e+00],
          [ 0.0000e+00,  0.0000e+00,  0.0000e+00],
          ...,
          [ 0.0000e+00,  0.0000e+00,  0.0000e+00],
          [ 0.0000e+00,  0.0000e+00,  0.0000e+00],
          [ 0.0000e+00,  0.0000e+00,  0.0000e+00]],

         [[ 0.0000e+00,  0.0000e+00,  0.0000e+00],
          [ 0.0000e+00,  0.0000e+00,  0.0000e+00],
          [ 0.0000e+00,  0.0000e+00,  0.0000e+00],
          ...,
          [ 0.0000e+00,  0.0000e+00,  0.0000e+00],
          [ 0.0000e+00,  0.0000e+00,  0.0000e+00],
          [ 0.0000e+00,  0.0000e+00,  0.0000e+00]]]], device='cuda:0'), 'map_feature': tensor([[[[-5.4010e+00, -3.5389e+00, -4.9131e+00, -3.0283e+00,  6.9090e-01,
            7.2295e-01],
          [-4.9131e+00, -3.0283e+00, -4.4250e+00, -2.5176e+00,  6.9096e-01,
            7.2289e-01],
          [-4.4250e+00, -2.5176e+00, -3.9371e+00, -2.0071e+00,  6.9091e-01,
            7.2294e-01],
          ...,
          [ 4.0337e+00, -1.8188e+00,  4.5376e+00, -2.3021e+00,  7.2175e-01,
           -6.9216e-01],
          [ 4.5376e+00, -2.3021e+00,  5.0029e+00, -2.8289e+00,  6.6193e-01,
           -7.4957e-01],
          [ 5.0029e+00, -2.8289e+00,  5.4681e+00, -3.3558e+00,  6.6193e-01,
           -7.4957e-01]],

         [[-1.0977e+01,  1.5807e-04, -9.8217e+00,  1.5795e-04,  1.0000e+00,
            0.0000e+00],
          [-9.8217e+00,  1.5795e-04, -8.6660e+00,  1.0908e-04,  1.0000e+00,
           -4.2439e-05],
          [-8.6660e+00,  1.0908e-04, -7.5106e+00,  1.0157e-04,  1.0000e+00,
           -6.4373e-06],
          ...,
          [ 7.5104e+00, -1.8142e-02,  8.6648e+00, -5.4694e-02,  9.9950e-01,
           -3.1647e-02],
          [ 8.6648e+00, -5.4694e-02,  9.8192e+00, -8.8666e-02,  9.9957e-01,
           -2.9415e-02],
          [ 9.8192e+00, -8.8666e-02,  1.0974e+01, -1.0821e-01,  9.9986e-01,
           -1.6926e-02]],

         [[-9.5890e+00,  3.7711e+00, -8.7102e+00,  3.0904e+00,  7.9061e-01,
           -6.1232e-01],
          [-8.7102e+00,  3.0904e+00, -7.8100e+00,  2.4379e+00,  8.0965e-01,
           -5.8691e-01],
          [-7.8100e+00,  2.4379e+00, -6.8784e+00,  1.8384e+00,  8.4094e-01,
           -5.4113e-01],
          ...,
          [ 6.8277e+00,  1.9415e+00,  7.7475e+00,  2.5557e+00,  8.3163e-01,
            5.5533e-01],
          [ 7.7475e+00,  2.5557e+00,  8.5980e+00,  3.2586e+00,  7.7079e-01,
            6.3709e-01],
          [ 8.5980e+00,  3.2586e+00,  9.4226e+00,  3.9960e+00,  7.4545e-01,
            6.6656e-01]],

         ...,

         [[ 0.0000e+00,  0.0000e+00,  0.0000e+00,  0.0000e+00,  1.0000e+00,
            0.0000e+00],
          [ 0.0000e+00,  0.0000e+00,  0.0000e+00,  0.0000e+00,  1.0000e+00,
            0.0000e+00],
          [ 0.0000e+00,  0.0000e+00,  0.0000e+00,  0.0000e+00,  1.0000e+00,
            0.0000e+00],
          ...,
          [ 0.0000e+00,  0.0000e+00,  0.0000e+00,  0.0000e+00,  1.0000e+00,
            0.0000e+00],
          [ 0.0000e+00,  0.0000e+00,  0.0000e+00,  0.0000e+00,  1.0000e+00,
            0.0000e+00],
          [ 0.0000e+00,  0.0000e+00,  0.0000e+00,  0.0000e+00,  1.0000e+00,
            0.0000e+00]],

         [[ 0.0000e+00,  0.0000e+00,  0.0000e+00,  0.0000e+00,  1.0000e+00,
            0.0000e+00],
          [ 0.0000e+00,  0.0000e+00,  0.0000e+00,  0.0000e+00,  1.0000e+00,
            0.0000e+00],
          [ 0.0000e+00,  0.0000e+00,  0.0000e+00,  0.0000e+00,  1.0000e+00,
            0.0000e+00],
          ...,
          [ 0.0000e+00,  0.0000e+00,  0.0000e+00,  0.0000e+00,  1.0000e+00,
            0.0000e+00],
          [ 0.0000e+00,  0.0000e+00,  0.0000e+00,  0.0000e+00,  1.0000e+00,
            0.0000e+00],
          [ 0.0000e+00,  0.0000e+00,  0.0000e+00,  0.0000e+00,  1.0000e+00,
            0.0000e+00]],

         [[ 0.0000e+00,  0.0000e+00,  0.0000e+00,  0.0000e+00,  1.0000e+00,
            0.0000e+00],
          [ 0.0000e+00,  0.0000e+00,  0.0000e+00,  0.0000e+00,  1.0000e+00,
            0.0000e+00],
          [ 0.0000e+00,  0.0000e+00,  0.0000e+00,  0.0000e+00,  1.0000e+00,
            0.0000e+00],
          ...,
          [ 0.0000e+00,  0.0000e+00,  0.0000e+00,  0.0000e+00,  1.0000e+00,
            0.0000e+00],
          [ 0.0000e+00,  0.0000e+00,  0.0000e+00,  0.0000e+00,  1.0000e+00,
            0.0000e+00],
          [ 0.0000e+00,  0.0000e+00,  0.0000e+00,  0.0000e+00,  1.0000e+00,
            0.0000e+00]]]], device='cuda:0'), 'm2m_feature': tensor([[[[ 0.0000e+00,  0.0000e+00,  1.0000e+00,  0.0000e+00],
          [-2.1638e+00, -4.4153e+00,  6.8914e-01, -7.2463e-01],
          [ 7.8876e-01, -5.6751e+00,  8.9297e-02, -9.9601e-01],
          ...,
          [-3.3652e+03, -2.2092e+03, -8.2070e-01,  5.7136e-01],
          [-3.3652e+03, -2.2092e+03, -8.2070e-01,  5.7136e-01],
          [-3.3652e+03, -2.2092e+03, -8.2070e-01,  5.7136e-01]],

         [[ 4.6906e+00,  1.4748e+00,  6.8914e-01,  7.2463e-01],
          [ 0.0000e+00,  0.0000e+00,  1.0000e+00,  0.0000e+00],
          [ 1.1218e+00, -3.0077e+00,  7.8327e-01, -6.2168e-01],
          ...,
          [-3.9152e+03,  9.1751e+02, -9.7960e-01, -2.0096e-01],
          [-3.9152e+03,  9.1751e+02, -9.7960e-01, -2.0096e-01],
          [-3.9152e+03,  9.1751e+02, -9.7960e-01, -2.0096e-01]],

         [[ 5.5820e+00,  1.2924e+00,  8.9297e-02,  9.9601e-01],
          [ 9.9110e-01,  3.0533e+00,  7.8327e-01,  6.2168e-01],
          [ 0.0000e+00,  0.0000e+00,  1.0000e+00,  0.0000e+00],
          ...,
          [-2.4953e+03,  3.1557e+03, -6.4237e-01, -7.6640e-01],
          [-2.4953e+03,  3.1557e+03, -6.4237e-01, -7.6640e-01],
          [-2.4953e+03,  3.1557e+03, -6.4237e-01, -7.6640e-01]],

         ...,

         [[-4.0240e+03,  1.0961e+02, -8.2070e-01, -5.7136e-01],
          [-4.0197e+03,  1.1200e+02, -9.7960e-01,  2.0096e-01],
          [-4.0215e+03,  1.1472e+02, -6.4237e-01,  7.6640e-01],
          ...,
          [ 0.0000e+00,  0.0000e+00,  1.0000e+00,  0.0000e+00],
          [ 0.0000e+00,  0.0000e+00,  1.0000e+00,  0.0000e+00],
          [ 0.0000e+00,  0.0000e+00,  1.0000e+00,  0.0000e+00]],

         [[-4.0240e+03,  1.0961e+02, -8.2070e-01, -5.7136e-01],
          [-4.0197e+03,  1.1200e+02, -9.7960e-01,  2.0096e-01],
          [-4.0215e+03,  1.1472e+02, -6.4237e-01,  7.6640e-01],
          ...,
          [ 0.0000e+00,  0.0000e+00,  1.0000e+00,  0.0000e+00],
          [ 0.0000e+00,  0.0000e+00,  1.0000e+00,  0.0000e+00],
          [ 0.0000e+00,  0.0000e+00,  1.0000e+00,  0.0000e+00]],

         [[-4.0240e+03,  1.0961e+02, -8.2070e-01, -5.7136e-01],
          [-4.0197e+03,  1.1200e+02, -9.7960e-01,  2.0096e-01],
          [-4.0215e+03,  1.1472e+02, -6.4237e-01,  7.6640e-01],
          ...,
          [ 0.0000e+00,  0.0000e+00,  1.0000e+00,  0.0000e+00],
          [ 0.0000e+00,  0.0000e+00,  1.0000e+00,  0.0000e+00],
          [ 0.0000e+00,  0.0000e+00,  1.0000e+00,  0.0000e+00]]]],
       device='cuda:0'), 'm2m_edge': tensor([[[0, 1, 1,  ..., 1, 1, 1],
         [1, 0, 1,  ..., 1, 1, 1],
         [1, 1, 0,  ..., 1, 1, 1],
         ...,
         [1, 1, 1,  ..., 0, 1, 1],
         [1, 1, 1,  ..., 1, 0, 1],
         [1, 1, 1,  ..., 1, 1, 0]]], device='cuda:0', dtype=torch.uint8), 'a2m_feature': tensor([[[[-4.2590e+00,  8.0077e-01,  7.6331e-01,  6.4603e-01],
          [-8.7631e+00, -1.1716e+00,  9.9416e-01, -1.0791e-01],
          [-7.3232e+00, -4.0407e+00,  7.1161e-01, -7.0257e-01],
          ...,
          [-4.0001e+03,  4.8847e+02, -9.9557e-01, -9.4071e-02],
          [-4.0001e+03,  4.8847e+02, -9.9557e-01, -9.4071e-02],
          [-4.0001e+03,  4.8847e+02, -9.9557e-01, -9.4071e-02]],

         [[-1.5875e+01,  2.6536e-01,  7.0010e-01,  7.1405e-01],
          [-2.0543e+01, -1.2807e+00,  9.9988e-01, -1.5233e-02],
          [-1.9375e+01, -4.2710e+00,  7.7371e-01, -6.3354e-01],
          ...,
          [-3.9493e+03,  8.5648e+02, -9.8255e-01, -1.8601e-01],
          [-3.9493e+03,  8.5648e+02, -9.8255e-01, -1.8601e-01],
          [-3.9493e+03,  8.5648e+02, -9.8255e-01, -1.8601e-01]],

         [[-1.1058e+01, -6.4544e+00, -6.2376e-01,  7.8161e-01],
          [-1.3160e+01, -2.0090e+00,  1.3652e-01,  9.9064e-01],
          [-1.5986e+01, -3.5309e+00,  7.2279e-01,  6.9107e-01],
          ...,
          [ 3.6124e+02,  4.0018e+03,  6.5337e-02, -9.9786e-01],
          [ 3.6124e+02,  4.0018e+03,  6.5337e-02, -9.9786e-01],
          [ 3.6124e+02,  4.0018e+03,  6.5337e-02, -9.9786e-01]],

         ...,

         [[-1.3819e+02,  1.3681e+01,  6.8011e-01, -7.3311e-01],
          [-1.3642e+02,  9.0915e+00, -6.2544e-02, -9.9804e-01],
          [-1.3349e+02,  1.0399e+01, -6.6945e-01, -7.4286e-01],
          ...,
          [-8.0726e+02, -3.9559e+03, -1.3929e-01,  9.9025e-01],
          [-8.0726e+02, -3.9559e+03, -1.3929e-01,  9.9025e-01],
          [-8.0726e+02, -3.9559e+03, -1.3929e-01,  9.9025e-01]],

         [[-4.0240e+03,  1.0961e+02, -8.2070e-01, -5.7136e-01],
          [-4.0197e+03,  1.1200e+02, -9.7960e-01,  2.0096e-01],
          [-4.0215e+03,  1.1472e+02, -6.4237e-01,  7.6640e-01],
          ...,
          [ 0.0000e+00,  0.0000e+00,  1.0000e+00,  0.0000e+00],
          [ 0.0000e+00,  0.0000e+00,  1.0000e+00,  0.0000e+00],
          [ 0.0000e+00,  0.0000e+00,  1.0000e+00,  0.0000e+00]],

         [[-4.0240e+03,  1.0961e+02, -8.2070e-01, -5.7136e-01],
          [-4.0197e+03,  1.1200e+02, -9.7960e-01,  2.0096e-01],
          [-4.0215e+03,  1.1472e+02, -6.4237e-01,  7.6640e-01],
          ...,
          [ 0.0000e+00,  0.0000e+00,  1.0000e+00,  0.0000e+00],
          [ 0.0000e+00,  0.0000e+00,  1.0000e+00,  0.0000e+00],
          [ 0.0000e+00,  0.0000e+00,  1.0000e+00,  0.0000e+00]]]],
       device='cuda:0'), 'a2m_edge': tensor([[[ True,  True,  True,  ..., False, False, False],
         [ True,  True,  True,  ..., False, False, False],
         [ True,  True,  True,  ..., False, False, False],
         ...,
         [False, False, False,  ..., False, False, False],
         [False, False, False,  ...,  True,  True,  True],
         [False, False, False,  ...,  True,  True,  True]]], device='cuda:0'), 'a2a_feature': tensor([[[[ 0.0000e+00,  0.0000e+00,  1.0000e+00,  0.0000e+00],
          [ 1.1572e+01,  2.0091e+00,  9.9569e-01, -9.2756e-02],
          [-1.0392e+01,  1.2041e+01,  2.8822e-02, -9.9958e-01],
          ...,
          [-1.1635e+01, -1.3787e+02,  4.5522e-02,  9.9896e-01],
          [-4.0001e+03,  4.8847e+02, -9.9557e-01, -9.4071e-02],
          [-4.0001e+03,  4.8847e+02, -9.9557e-01, -9.4071e-02]],

         [[-1.1709e+01, -9.2700e-01,  9.9569e-01,  9.2756e-02],
          [ 0.0000e+00,  0.0000e+00,  1.0000e+00,  0.0000e+00],
          [-2.0939e+01,  1.2026e+01,  1.2142e-01, -9.9260e-01],
          ...,
          [-3.6081e+01, -1.3712e+02, -4.7333e-02,  9.9888e-01],
          [-3.9493e+03,  8.5648e+02, -9.8255e-01, -1.8601e-01],
          [-3.9493e+03,  8.5648e+02, -9.8255e-01, -1.8601e-01]],

         [[-1.1736e+01, -1.0735e+01,  2.8822e-02,  9.9958e-01],
          [-9.3943e+00, -2.2244e+01,  1.2142e-01,  9.9260e-01],
          [ 0.0000e+00,  0.0000e+00,  1.0000e+00,  0.0000e+00],
          ...,
          [-1.4988e+02, -3.0782e+00, -9.9724e-01,  7.4296e-02],
          [ 3.6124e+02,  4.0018e+03,  6.5337e-02, -9.9786e-01],
          [ 3.6124e+02,  4.0018e+03,  6.5337e-02, -9.9786e-01]],

         ...,

         [[-1.3719e+02,  1.7899e+01,  4.5522e-02, -9.9896e-01],
          [-1.3867e+02,  2.9551e+01, -4.7333e-02, -9.9888e-01],
          [-1.4969e+02,  8.0658e+00, -9.9724e-01, -7.4296e-02],
          ...,
          [ 0.0000e+00,  0.0000e+00,  1.0000e+00,  0.0000e+00],
          [-8.0726e+02, -3.9559e+03, -1.3929e-01,  9.9025e-01],
          [-8.0726e+02, -3.9559e+03, -1.3929e-01,  9.9025e-01]],

         [[-4.0284e+03,  1.1001e+02, -9.9557e-01,  9.4071e-02],
          [-4.0397e+03,  1.0692e+02, -9.8255e-01,  1.8601e-01],
          [-4.0169e+03,  9.9000e+01,  6.5337e-02,  9.9786e-01],
          ...,
          [-4.0297e+03,  2.4836e+02, -1.3929e-01, -9.9025e-01],
          [ 0.0000e+00,  0.0000e+00,  1.0000e+00,  0.0000e+00],
          [ 0.0000e+00,  0.0000e+00,  1.0000e+00,  0.0000e+00]],

         [[-4.0284e+03,  1.1001e+02, -9.9557e-01,  9.4071e-02],
          [-4.0397e+03,  1.0692e+02, -9.8255e-01,  1.8601e-01],
          [-4.0169e+03,  9.9000e+01,  6.5337e-02,  9.9786e-01],
          ...,
          [-4.0297e+03,  2.4836e+02, -1.3929e-01, -9.9025e-01],
          [ 0.0000e+00,  0.0000e+00,  1.0000e+00,  0.0000e+00],
          [ 0.0000e+00,  0.0000e+00,  1.0000e+00,  0.0000e+00]]]],
       device='cuda:0'), 'a2a_edge': tensor([[[ True,  True,  True,  ..., False, False, False],
         [ True,  True,  True,  ..., False, False, False],
         [ True,  True,  True,  ..., False, False, False],
         ...,
         [False, False, False,  ...,  True, False, False],
         [False, False, False,  ..., False,  True,  True],
         [False, False, False,  ..., False,  True,  True]]], device='cuda:0')}
